[0;37;5;47;107m::::::::::::::::::::::::::::::::::::::::::::::::::::::::::::::::::::::::::::::::::::::::::::::::::::[0m
[0;37;5;47;107m::::::::::::::::::::::::::::::::::::::::::::::::::::::::::::::::::::::::::::::::::::::::::::::::::::[0m
[0;37;5;47;107m::::::::::::::::::::::::::::::::::::::::::::::::::::::::::::::::::::::::::::::::::::::::::::::::::::[0m
[0;37;5;47;107m::::::::::::::::::::::::::::::::::::::::::::::::::::::::::::::::::::::::::::::::::::::::::::::::::::[0m
[0;37;5;47;107m:::::::::::::::::::::::::::::::::::::::::.:::::.::::::::::::::::::::::::::::::::::::::::::::::::::::[0m
[0;37;5;47;107m:::::::::::::::::::::::::::::::::::::;t%t%%tt%t%t%t;::::::::::::::::::::::::::::::::::::::::::::::::[0m
[0;37;5;47;107m:::::::::::::::::::::::::::::::::.;SXt:.   .     .:tX%::::::::::::::::::::::::::::::::::::::::::::::[0m
[0;37;5;47;107m::::::::::::::::::::::::::::::::;S;: .8[0;1;37;97;47m:[0;1;30;90;47m:XX[0;37;43m8[0;33;5;40;100m:[0;33;47m8[0;1;30;90;43m8[0;1;30;90;47m8;[0;1;37;97;47mt[0;37;5;47;107m@ .:%%::::::::::::::::::::::::::::::::::::::::::::[0m
[0;37;5;47;107m::::::::::::::::::::::::::::::;S;. [0;1;37;97;47mt[0;33;5;40;100m [0;1;30;90;43m8[0;1;31;91;43m88[0;1;33;93;43m:[0;1;33;93;5;41;101m8[0;1;31;91;43m8[0;33;5;43;103m [0;1;33;93;5;41;101m8[0;1;31;91;5;43;103m8[0;33;5;41;101m [0;33;5;43;103m:[0;33;5;41;101m%[0;1;33;93;43mt[0;1;31;91;43m8[0;33;5;40;100m:[0;1;37;97;47m [0;37;5;47;107mt .%%::::::::::::::::::::::::::::::::::::::::::[0m
[0;37;5;47;107m:::::::::::::::::::::::::::::;X.. [0;37;5;40;100m8[0;31;43m8[0;1;33;93;5;41;101m8[0;1;31;91;43m8[0;1;33;93;43m:[0;1;31;91;5;43;103m8[0;1;33;93;5;41;101m8[0;33;5;43;103m:[0;33;5;41;101m.[0;1;33;93;47m@8[0;37;5;43;103m8[0;1;31;91;47m8[0;1;31;91;43m8[0;37;5;43;103m@[0;1;31;91;5;43;103m8[0;37;5;43;103m8[0;1;31;91;5;43;103m8[0;1;31;91;43m8[0;33;5;40;100mS[0;37;5;47;107m8. tS.::::::::::::::::::::::::::::::::::::::::[0m
[0;37;5;47;107m::::::::::::::::::::::::::::t%: 8[0;33;5;40;100m:[0;1;31;91;43m888[0;1;31;91;5;43;103m8[0;1;33;93;5;41;101m8[0;1;31;91;5;43;103m8[0;33;5;41;101m:[0;33;47m8[0;33;5;43;103m [0;33;5;41;101m [0;37;5;43;103m8[0;1;33;93;5;41;101m@[0;37;5;43;103m8[0;1;31;91;5;43;103m8[0;1;33;93;47m8[0;1;33;93;5;41;101m8[0;1;31;91;47m8[0;37;5;43;103m@[0;1;31;91;5;43;103m8[0;1;31;91;43m8[0;1;30;90;43m8[0;1;30;90;47m:[0;37;5;47;107m. ;S::::::::::::::::::::::::::::::::::::::::[0m
[0;37;5;47;107m::::::::::::::::::::::::::.%t .[0;1;30;90;47m;[0;31;43m@[0;1;31;91;43m8[0;1;33;93;43m.[0;1;33;93;5;41;101m8[0;1;31;91;43m8[0;1;33;93;43m.[0;1;33;93;5;41;101m8[0;33;5;43;103m [0;33;5;41;101m:[0;1;33;93;43m:[0;37;5;41;101m8[0;37;5;43;103mX[0;33;5;41;101m [0;37;5;43;103m8[0;1;33;93;5;41;101m8[0;1;33;93;47m@[0;1;33;93;5;41;101m8[0;1;33;93;47m8[0;1;31;91;5;43;103m8[0;1;33;93;47m8[0;1;31;91;5;43;103m8[0;1;33;93;47m@[0;1;31;91;5;43;103m8[0;33;5;41;101m;[0;37;5;40;100m8[0;37;5;47;107m@.:S;.:.:::::::::::::::::::::::::::::::::::[0m
[0;37;5;47;107m::::::::::::::::::::::::::;S. [0;1;30;90;47m@[0;31;43m8[0;1;31;91;43m8[0;1;31;91;5;43;103m8[0;33;5;41;101m [0;1;33;93;43mt[0;1;33;93;5;41;101m888[0;1;31;91;43m8[0;37;5;43;103mS[0;33;5;41;101m [0;33;5;43;103mt[0;33;5;41;101m%[0;33;5;43;103mt[0;37;5;41;101m8[0;37;5;43;103m@[0;1;33;93;5;41;101m@[0;1;33;93;47m8[0;1;33;93;5;41;101m8[0;37;5;43;103m8[0;1;33;93;5;41;101m@[0;1;33;93;47mX[0;1;33;93;5;41;101m8[0;37;5;43;103m88[0;33;5;41;101m.[0;33;5;40;100mt[0;37;5;47;107m. :@%%%t::::::::::::::::::::::::::::::::::[0m
[0;37;5;47;107m:::::::::::::::::::::::::.St [0;1;37;97;47m@[0;1;30;90;43mX[0;33;5;41;101mt[0;1;33;93;43m;[0;1;33;93;5;41;101m8[0;33;5;43;103m.[0;31;5;41;101m;[0;1;33;93;43m:[0;1;33;93;5;41;101m8[0;33;5;43;103m [0;33;5;41;101m [0;1;33;93;43m;[0;1;31;91;43m88[0;33;47m8[0;33;5;41;101m.[0;33;5;43;103mt[0;31;5;41;101m:[0;37;5;43;103m8[0;1;33;93;5;41;101m8[0;1;33;93;47m@[0;1;33;93;5;41;101m8[0;1;33;93;47m@[0;1;33;93;5;41;101m8[0;37;5;43;103m8[0;1;33;93;5;41;101mX[0;1;31;91;5;43;103m8[0;37;5;43;103m@[0;1;31;91;43m8[0;1;30;90;47mS[0;37;5;47;107m. :;::;%;::::::::::::::::::::::::::::::::[0m
[0;37;5;47;107m::::::::::::::::::::::::::S; [0;1;30;90;47m.[0;31;43m@[0;1;33;93;43m.[0;1;33;93;5;41;101m8[0;33;5;41;101m [0;1;31;91;43m8[0;33;5;43;103m:[0;33;5;41;101m [0;33;5;43;103m:[0;33;5;41;101m:[0;33;5;43;103m.[0;37;5;41;101m8[0;37;5;43;103mS[0;1;33;93;5;41;101m8[0;33;5;43;103m [0;33;5;41;101mt[0;1;33;93;47m8[0;37;5;43;103m@[0;37;5;41;101m@[0;37;5;43;103m@[0;1;33;93;5;41;101m@[0;1;31;91;5;43;103m8[0;1;33;93;5;41;101m8[0;37;5;43;103m8[0;1;33;93;5;41;101mX[0;37;5;43;103m8[0;1;33;93;5;41;101m8[0;1;31;91;5;43;103m8[0;33;5;43;103m [0;33;41m8[0;1;30;90;47m [0;37;5;47;107m..[0;1;37;97;47mX[0;37;5;40;100m8[0;1;37;97;47m.[0;37;5;47;107m .X::::::::::::::::::::::::::::::::[0m
[0;37;5;47;107m::::::::::::::::::::::::::S: [0;1;30;90;47mX[0;33;5;41;101mX[0;1;33;93;5;41;101m8[0;1;31;91;43m8[0;33;5;43;103m.[0;31;5;41;101m%[0;1;31;91;43m8[0;33;5;43;103m;[0;33;5;41;101m;[0;33;5;43;103mt[0;33;5;41;101m:[0;37;5;43;103m8[0;1;33;93;5;41;101m8[0;33;47m8[0;1;33;93;5;41;101m8[0;1;33;93;47m8[0;33;5;41;101m [0;37;5;43;103m@[0;1;33;93;5;41;101m8[0;37;5;43;103m8[0;37;5;41;101m8[0;37;5;43;103m8[0;1;33;93;5;41;101m@8[0;37;5;43;103m8[0;1;33;93;5;41;101mX[0;37;5;43;103m8[0;33;5;41;101m [0;33;5;43;103m [0;33;5;41;101m.[0;33;5;40;100m;[0;37;5;47;107m [0;1;30;90;47mXS[0;37;5;47;107m [0;37;5;40;100m8[0;37;5;47;107m% %t.::::::::::::::::::::::::::::::[0m
[0;37;5;47;107m:::::::::::::::::::::;ttttX. [0;33;5;40;100m [0;1;31;91;43m8[0;33;5;43;103m:[0;31;5;41;101m%[0;1;31;91;43m8[0;1;33;93;43mt[0;33;5;41;101m [0;1;33;93;43mt[0;1;31;91;5;43;103m8[0;37;43m@[0;1;31;91;5;43;103m8[0;1;33;93;47m8[0;1;33;93;5;41;101m8[0;37;5;43;103m8[0;1;33;93;5;41;101m8[0;37;5;43;103m8@[0;1;33;93;5;41;101m8[0;1;33;93;47m8[0;1;33;93;5;41;101m@[0;1;31;91;5;43;103m8[0;1;33;93;5;41;101m8[0;1;33;93;47m@[0;1;33;93;5;41;101m88[0;37;5;43;103m8[0;33;5;41;101m [0;33;5;43;103m.[0;33;5;41;101m.[0;37;5;43;103m8[0;1;30;90;43m8[0;37;5;40;100m8[0;1;37;97;47m8[0;37;5;47;107m. [0;1;30;90;47mt[0;1;37;97;47m%[0;37;5;47;107m tS.::::::::::::::::::::::::::::::[0m
[0;37;5;47;107m::::::::::::::::::::S:...:: %[0;1;30;90;43m8[0;33;5;41;101m.[0;1;31;91;43m8[0;1;33;93;43mt[0;1;33;93;5;41;101m8[0;33;5;43;103m [0;33;5;41;101m%[0;33;5;43;103m.[0;33;5;41;101m:[0;33;5;43;103m.[0;31;5;41;101mt[0;1;31;91;43m8[0;33;5;41;101m:[0;33;5;43;103m:[0;37;5;41;101m8[0;1;31;91;5;43;103m8[0;1;31;91;47m8[0;37;5;43;103mX[0;1;33;93;5;41;101m8[0;1;33;93;47m8[0;33;5;41;101m [0;1;33;93;43mt[0;1;33;93;5;41;101m@[0;1;31;91;47m8[0;1;33;93;5;41;101m88[0;33;5;43;103m:[0;1;31;91;43m8[0;1;30;90;47m@%[0;37;5;47;107m% .. [0;1;37;97;47m8[0;1;30;90;47m@[0;37;5;47;107m..X:::::::::::::::::::::::::::::::[0m
[0;37;5;47;107m:::::::::::::::::::;S X[0;36;5;40;100m [0;1;30;90;47mS[0;1;37;97;47m8[0;37;5;47;107m  [0;1;37;97;47mX[0;1;30;90;43mS[0;33;5;43;103m.[0;33;5;41;101m%[0;1;31;91;43m8[0;1;33;93;5;41;101m8[0;33;5;41;101m;[0;33;5;43;103mt[0;33;5;41;101m%[0;1;33;93;43m:[0;33;5;41;101m [0;37;5;43;103m8[0;33;5;43;103m:[0;1;31;91;43m8[0;1;31;91;47m8[0;33;5;43;103m [0;37;5;41;101m8[0;37;5;43;103mS[0;1;33;93;5;41;101m8[0;1;33;93;47m8[0;1;33;93;5;41;101m8[0;37;5;43;103m8[0;33;5;41;101m [0;37;5;43;103mX[0;1;33;93;5;41;101m8[0;37;5;43;103mX[0;33;5;41;101mS[0;33;5;40;100m [0;1;37;97;47mX[0;37;5;47;107m...    .[0;37;5;40;100m@[0;37;5;47;107m: S;::::::::::::::::::::::::::::::[0m
[0;37;5;47;107m:::::::::::::::::::;S t[0;1;30;90;47m8[0;37;5;47;107mX[0;1;37;97;47mt[0;1;30;90;47m .S[0;33;41mS[0;33;5;41;101m8[0;1;31;91;43m8[0;33;5;43;103m [0;33;5;41;101mt[0;33;5;43;103mt[0;33;5;41;101mt[0;33;5;43;103m [0;1;33;93;5;41;101m8[0;37;5;43;103m@[0;33;5;41;101m.[0;33;5;43;103m:[0;33;5;41;101m.[0;33;5;43;103m;[0;33;5;41;101m;[0;33;5;43;103m.[0;33;5;41;101m:[0;1;33;93;47m8[0;33;5;41;101m [0;37;5;43;103m@[0;33;5;41;101m.[0;37;5;43;103m8[0;1;31;91;43m8[0;1;30;90;43m8[0;1;30;90;47m@[0;37;5;47;107m8%...  . . [0;1;30;90;47m@[0;1;37;97;47m@[0;37;5;47;107m %%.:::::::::::::::::::::::::::::[0m
[0;37;5;47;107m:::::::::::::::::::;S .[0;37;5;40;100m8[0;37;5;47;107m; .  S[0;1;37;97;47m8% .[0;1;30;90;47m@8[0;37;5;40;100m;[0;37;43m8[0;1;31;91;43m8[0;1;30;90;43m8[0;1;31;91;43m8[0;37;43m8[0;1;31;91;43m8[0;37;43m@[0;33;5;41;101m8[0;1;30;90;43m8[0;1;31;91;43m8[0;1;30;90;47m@[0;33;47m8[0;1;37;97;47mt%[0;37;5;47;107m: .:.   .   . [0;1;37;97;47mS[0;1;30;90;47mS[0;37;5;47;107m :X::::::::::::::::::::::::::::::[0m
[0;37;5;47;107m::::::::::::::::::::X. [0;37;5;40;100m8[0;37;5;47;107mt .  ....   :   ;[0;1;37;97;47m8X@[0;37;5;47;107m8: :. :.  .  ..  .   ;[0;37;5;40;100m@[0;37;5;47;107m. St:::::::::::::::::::::::::::::[0m
[0;37;5;47;107m::::::::::::::::::::S. [0;1;30;90;47m8[0;37;5;47;107m@  .     ....           ....  .. .SS   .. [0;1;30;90;47mX[0;1;37;97;47mX[0;37;5;47;107m t%.::::::::::::::::::::::::::::[0m
[0;37;5;47;107m::::::::::::::::::::S:.[0;1;30;90;47m8[0;37;5;47;107m8..     .   .       .  .:S[0;1;37;97;47m@; [0;1;30;90;47m@8[0;1;31;91;43m8[0;1;30;90;45m8[0;31;5;41;101m8[0;33;41m@[0;35;5;40;100m%[0;37;5;47;107m:.    @[0;37;5;40;100m8[0;37;5;47;107m .S;::::::::::::::::::::::::::::[0m
[0;37;5;47;107m:::::::::::::::::::.X; [0;1;30;90;47mX[0;1;37;97;47mX[0;37;5;47;107m .  .            .%[0;1;37;97;47m@[0;1;30;90;47m;[0;37;5;40;100m@[0;35;5;40;100m%[0;1;30;90;41m8[0;33;41mt[0;1;31;91;41mS8[0;31;5;41;101m%::[0;33;5;41;101m;t[0;1;31;91;43m8[0;31;5;41;101m.[0;1;30;90;41m8[0;37;5;47;107m8 .  . [0;1;30;90;47m8[0;1;37;97;47m8[0;37;5;47;107m tS.:::::::::::::::::::::::::::[0m
[0;37;5;47;107m:::::::::::::::::::.S; [0;1;30;90;47m;[0;1;37;97;47m:[0;37;5;47;107m .     .. [0;1;37;97;47m@[0;33;5;40;100m [0;1;30;90;47m88[0;35;5;40;100m [0;35;5;41;101m8[0;33;5;40;100mS[0;1;31;91;41m8[0;31;5;40;100mX[0;31;5;41;101m8[0;1;31;91;41m8[0;31;5;41;101m@X[0;33;5;41;101mX[0;31;5;41;101mS[0;33;5;41;101mXX@@[0;1;30;90;43m8[0;35;5;41;101m.[0;1;31;91;47m8[0;31;5;41;101m8[0;1;30;90;43m8[0;31;5;41;101m@[0;1;30;90;47mt[0;37;5;47;107m . .. [0;1;37;97;47mX[0;1;30;90;47m@[0;37;5;47;107m .S;:::::::::::::::::::::::::::[0m
[0;37;5;47;107m::::::::::::::::::::%t [0;1;37;97;47m%[0;1;30;90;47m%[0;37;5;47;107m . . .  . S[0;33;41mX[0;31;5;41;101m  [0;33;5;41;101m.StS%8[0;35;5;41;101m@[0;1;31;91;43m8[0;33;5;41;101mX[0;35;5;41;101mX[0;1;31;91;43m8[0;1;30;90;45m8[0;31;5;41;101m8[0;33;5;40;100m:[0;31;5;41;101m [0;35;5;41;101m@[0;1;30;90;43m8[0;31;5;41;101m [0;1;30;90;45m8[0;1;31;91;41m8[0;31;5;41;101m@[0;33;5;40;100m [0;37;5;47;107m     . [0;1;30;90;47mX[0;1;37;97;47mS[0;37;5;47;107m ;S.::::::::::::::::::::::::::[0m
[0;37;5;47;107m:::::::::::::::::::.%% [0;1;37;97;47m8[0;1;30;90;47m8[0;37;5;47;107m .       . [0;35;5;40;100m:[0;31;5;41;101m%[0;1;31;91;43m8[0;33;5;41;101m%[0;33;47m8[0;31;5;41;101m;[0;1;30;90;45m8[0;33;5;41;101m.[0;1;31;91;43m8[0;33;5;41;101m;[0;35;5;40;100m%[0;31;5;40;100m8[0;33;5;41;101mX;[0;33;5;40;100m8[0;31;5;41;101m8[0;1;30;90;41m8[0;33;5;41;101mX[0;1;30;90;41m8[0;1;31;91;41m@[0;33;5;41;101mtS[0;31;5;40;100m8[0;33;5;41;101m%[0;31;5;40;100m8[0;37;5;47;107mS .  . [0;1;37;97;47m8[0;1;30;90;47m8[0;37;5;47;107m .X;::::::::::::::::::::::::::[0m
[0;37;5;47;107m::::::::::::::::::::tS S[0;37;5;40;100m8[0;37;5;47;107m .  .    . [0;1;30;90;47m8[0;1;31;91;41m@[0;33;5;41;101m%[0;35;5;40;100mS[0;31;5;41;101m:[0;33;5;41;101mt[0;1;31;91;43m8[0;35;5;40;100mX[0;31;5;41;101m.[0;1;30;90;43m8[0;1;31;91;41mt[0;1;30;90;41m88[0;31;5;41;101m.[0;31;5;40;100m8[0;1;31;91;41m8[0;33;5;41;101m%S[0;35;5;41;101mX[0;33;5;40;100m@[0;1;31;91;41m8[0;33;5;40;100mX[0;1;30;90;41mt[0;31;5;41;101m@[0;1;30;90;41m@[0;1;37;97;47mX[0;37;5;47;107m .   ..[0;37;5;40;100m8[0;37;5;47;107m8 t%::::::::::::::::::::::::::[0m
[0;37;5;47;107m:::::::::::::::::::.;S..[0;37;5;40;100m8[0;37;5;47;107m; .   .  . [0;1;37;97;47m8[0;31;5;40;100m8[0;33;5;41;101m.[0;1;30;90;41m8[0;31;43m8[0;35;5;41;101m [0;33;5;41;101m8[0;1;30;90;41m8[0;31;5;41;101mt[0;35;41m8[0;33;41m8[0;31;5;41;101mX[0;31;5;40;100m8[0;31;5;41;101mX[0;33;5;41;101m@[0;33;5;40;100m%[0;35;41m@[0;33;5;41;101m@X[0;31;5;40;100m8[0;1;31;91;41m8[0;31;5;41;101mt[0;31;5;40;100m@[0;33;5;41;101m8[0;1;31;91;41m@[0;1;30;90;47m@[0;37;5;47;107m . .   8[0;1;30;90;47m8[0;37;5;47;107m..S;:::::::::::::::::::::::::[0m
[0;37;5;47;107m:::::::::::::::::::::S: [0;1;30;90;47m8[0;37;5;47;107m8.  .   .  ;[0;31;5;40;100m@[0;33;5;41;101mt[0;33;41m8[0;31;45m8[0;31;5;40;100m@[0;1;30;90;41m@@[0;33;5;41;101m8[0;33;41m8[0;1;30;90;41m88@[0;33;41m8[0;31;5;41;101m::[0;1;30;90;43m8[0;35;41m8[0;31;5;41;101mS[0;31;5;40;100m8[0;33;41m8[0;33;5;41;101m:[0;31;5;40;100m8[0;1;31;91;41m8[0;33;5;41;101m8[0;35;5;40;100m [0;37;5;47;107m     .. [0;37;5;40;100m8[0;37;5;47;107m@ %t.::::::::::::::::::::::::[0m
[0;37;5;47;107m:::::::::::::::::::::S; [0;1;30;90;47mt[0;1;37;97;47m;[0;37;5;47;107m .   .   . [0;33;5;40;100m [0;31;5;41;101mX[0;33;5;41;101m8[0;1;30;90;41m8[0;31;5;41;101m@S[0;31;5;40;100m8[0;1;31;91;41m8[0;35;41m8[0;33;41m@[0;31;5;41;101m [0;1;30;90;41m88[0;33;5;41;101m;S[0;35;5;41;101mS[0;31;5;40;100m8[0;33;5;41;101m@[0;1;30;90;41m8[0;31;5;41;101m@[0;33;5;41;101m%[0;31;5;40;100mS[0;33;41m8[0;31;5;41;101m;[0;35;5;40;100m.[0;37;5;47;107m .    . [0;1;30;90;47m. [0;37;5;47;107m ;X:::::::::::::::::::::::::[0m
[0;37;5;47;107m::::::::::::::::::::.%t.[0;1;37;97;47mS[0;1;30;90;47mS[0;37;5;47;107m . .    .. [0;1;37;97;47m%[0;1;30;90;41m8[0;31;5;41;101m%[0;31;5;40;100m@[0;33;5;41;101m8S[0;1;30;90;41m8[0;33;41m8[0;31;5;41;101mX[0;31;5;40;100mS[0;31;5;41;101m [0;33;5;41;101mX[0;31;5;40;100mX[0;31;5;41;101m8[0;33;5;40;100m:[0;33;41mX[0;31;5;41;101m8[0;33;5;41;101mS[0;31;5;40;100mX[0;33;5;41;101mS[0;35;5;41;101mS[0;33;5;41;101mX[0;35;5;41;101mX[0;33;5;41;101m%[0;31;5;40;100m@[0;37;5;47;107m@ . .  .t[0;37;5;40;100m8[0;37;5;47;107m; S;::::::::::::::::::::::::[0m
[0;37;5;47;107m::::::::::::::::::::.%% @[0;37;5;40;100m8[0;37;5;47;107m .    .    %[0;31;5;40;100m8[0;31;5;41;101mS[0;31;43m8[0;35;5;41;101mS[0;33;5;41;101m%;[0;35;5;41;101mX[0;33;5;41;101mS%[0;1;31;91;43m8[0;35;5;41;101m%[0;33;5;41;101mtX[0;31;5;41;101m;[0;33;5;41;101mS[0;1;30;90;43m8[0;31;5;41;101m [0;33;5;41;101mtX[0;1;31;91;43m8[0;35;5;41;101mS[0;1;30;90;43m8[0;31;5;41;101m [0;33;41m@[0;1;37;97;47m;[0;37;5;47;107m .    . [0;1;30;90;47mX[0;1;37;97;47m%[0;37;5;47;107m ;S.:::::::::::::::::::::::[0m
[0;37;5;47;107m:::::::::::::::::::::;S ;[0;37;5;40;100m8[0;37;5;47;107m..  .    ...[0;33;5;40;100m [0;31;5;41;101mX[0;33;5;41;101m%X[0;35;47m8[0;33;5;41;101mt[0;1;31;91;43m8[0;35;5;41;101m%[0;33;47m8[0;31;5;41;101m.[0;1;31;91;43m8[0;35;5;41;101mS[0;33;47m8[0;31;5;41;101m;[0;35;5;41;101mSS[0;1;31;91;43m8[0;35;5;41;101mt[0;35;5;40;100m:[0;31;5;41;101mS[0;33;5;40;100mt[0;31;5;41;101m [0;33;5;40;100m;[0;1;31;91;41m8[0;37;5;40;100m8[0;37;5;47;107m . .  . [0;1;37;97;47m8[0;1;30;90;47m@[0;37;5;47;107m :S;:::::::::::::::::::::::[0m
[0;37;5;47;107m::::::::::::::::::::::X. [0;1;30;90;47m8[0;37;5;47;107m8.    .   . [0;1;37;97;47mt[0;1;30;90;41m8[0;33;5;41;101mt[0;31;5;40;100mS[0;1;31;91;41mS[0;31;43m8[0;35;5;41;101m:[0;33;5;40;100mS[0;35;41mt[0;31;5;41;101m8[0;35;5;41;101mX[0;33;5;40;100m@[0;1;31;91;41mX[0;31;5;40;100m@[0;33;5;41;101m8[0;31;5;40;100mX[0;35;5;41;101mt[0;33;5;41;101mt[0;33;5;40;100mS[0;1;31;91;41m8[0;1;30;90;41m88[0;1;31;91;41m8[0;1;30;90;41m@[0;31;5;40;100mX[0;37;5;47;107m:.   . . [0;37;5;40;100m8[0;37;5;47;107m@ %%.::::::::::::::::::::::[0m
[0;37;5;47;107m:::::::::::::::::::::.S;.[0;1;30;90;47mt[0;1;37;97;47m;[0;37;5;47;107m ..    .   t[0;31;5;40;100m8[0;31;5;41;101mX[0;1;30;90;41m8[0;31;5;41;101m8[0;31;5;40;100mX[0;31;5;41;101m%[0;1;30;90;41m8X[0;31;43m8[0;31;5;41;101m%[0;1;30;90;41m8[0;31;5;41;101m:[0;31;5;40;100m8[0;1;31;91;41mX[0;31;5;40;100m8[0;1;30;90;43m8[0;31;5;41;101m%[0;1;30;90;41m88[0;1;31;91;41m%[0;33;41m@[0;1;30;90;41m8[0;1;31;91;41mS[0;33;41mS[0;1;37;97;47mX[0;37;5;47;107m .    . [0;1;30;90;47m  [0;37;5;47;107m ;S:::::::::::::::::::::::[0m
[0;37;5;47;107m::::::::::::::::::::::%t [0;1;37;97;47mt[0;1;30;90;47mt[0;37;5;47;107m..  .    .. [0;37;5;40;100m@[0;31;5;41;101m8[0;1;30;90;43m8[0;1;30;90;41mX[0;33;41mX[0;31;5;41;101m;[0;31;5;40;100m8[0;1;30;90;41m%[0;31;5;41;101mX[0;1;31;91;43m8[0;31;5;40;100m8[0;31;5;41;101m%[0;33;5;40;100m8[0;1;31;91;41mX[0;1;30;90;41m8X@X[0;1;31;91;41m@[0;31;5;40;100m8[0;31;5;41;101mX[0;31;5;40;100m8[0;1;30;90;41mX[0;1;31;91;41m8[0;37;5;40;100mS[0;37;5;47;107m . .  . 8[0;37;5;40;100m8[0;37;5;47;107m .S;::::::::::::::::::::::[0m
[0;37;5;47;107m:::::::::::::::::::::.tS @[0;37;5;40;100m8[0;37;5;47;107m .    .   . [0;1;37;97;47m@[0;1;30;90;41mX[0;31;5;41;101m8[0;1;30;90;41m@8[0;33;41m8[0;1;30;90;41mS[0;33;41m@[0;35;5;40;100m8[0;1;31;91;41m8[0;1;30;90;41m8[0;31;5;41;101m8[0;1;30;90;41m8[0;1;31;91;41m8[0;33;41m8[0;31;40m8[0;31;5;41;101m8[0;31;5;40;100m8[0;1;30;90;41m@[0;33;41mX[0;1;31;91;41m8[0;31;5;41;101m8[0;31;5;40;100m8[0;31;5;41;101m%[0;1;30;90;41m@[0;1;37;97;47m%[0;37;5;47;107m .    . [0;1;30;90;47mX[0;1;37;97;47mX[0;37;5;47;107m t%.:::::::::::::::::::::[0m
[0;37;5;47;107m::::::::::::::::::::::;S :[0;37;5;40;100m8[0;37;5;47;107m.  .    .   .[0;33;5;40;100m%[0;1;31;91;41m8[0;1;30;90;41m8[0;31;5;41;101m8[0;1;30;90;41m8@[0;31;5;41;101m8[0;33;5;41;101m;[0;31;5;40;100m8[0;1;30;90;41mS[0;33;41m8[0;1;30;90;41m8[0;1;31;91;41m8[0;31;5;41;101mS[0;31;5;40;100m@[0;31;5;41;101m8[0;33;5;41;101m8[0;31;5;41;101m8[0;33;5;41;101mX[0;1;31;91;43m8[0;35;5;41;101mS[0;33;5;41;101mXS[0;1;31;91;41m8[0;1;30;90;47m8[0;37;5;47;107m.. .  . [0;1;37;97;47m@[0;1;30;90;47m@[0;37;5;47;107m :X::::::::::::::::::::::[0m
[0;37;5;47;107m:::::::::::::::::::::::X. [0;37;5;40;100m8[0;37;5;47;107mS .   .   .. [0;1;30;90;47m8[0;1;31;91;41mS[0;1;30;90;41m88[0;1;31;91;41m8[0;33;41m8[0;1;30;90;41m8[0;33;5;41;101m.[0;1;31;91;43m8[0;35;41m@[0;31;5;41;101m8[0;1;30;90;43m8[0;31;5;41;101mt[0;1;31;91;43m8[0;35;5;41;101m@[0;1;31;91;43m8[0;35;5;41;101mS[0;1;31;91;43m8[0;35;5;41;101m%[0;33;5;41;101mX[0;1;31;91;43m8[0;35;5;41;101mS[0;37;43m8[0;31;5;41;101m;[0;33;5;40;100mS[0;37;5;47;107mt .  .  :[0;37;5;40;100m@[0;37;5;47;107m; St:::::::::::::::::::::[0m
[0;37;5;47;107m:::::::::::::::::::::::S: [0;1;30;90;47m@[0;1;37;97;47m8[0;37;5;47;107m .  .     . [0;1;37;97;47m@[0;1;30;90;41mS[0;31;5;41;101m8[0;31;43m8[0;31;5;41;101m.[0;33;5;41;101m%%@[0;35;5;41;101mS[0;33;5;41;101m%S[0;35;5;41;101mS[0;33;5;41;101mX[0;35;5;41;101mS[0;1;31;91;43m8[0;35;5;41;101mt[0;1;31;91;43m8[0;35;5;41;101mt[0;33;47m8[0;31;5;41;101m:[0;35;5;41;101mX[0;33;5;41;101mS[0;31;5;41;101mt[0;33;5;41;101mS[0;1;30;90;41mX[0;1;30;90;47m [0;37;5;47;107m .    . [0;1;30;90;47m:[0;1;37;97;47m [0;37;5;47;107m ;S.::::::::::::::::::::[0m
[0;37;5;47;107m::::::::::::::::::::::.S; [0;1;30;90;47m%[0;1;37;97;47mt[0;37;5;47;107m .    .  .  t[0;31;5;40;100m8[0;31;5;41;101m%[0;33;5;41;101mS[0;1;31;91;45m8[0;1;31;91;43m8[0;35;5;41;101m%[0;33;47m8[0;31;5;41;101m;[0;1;31;91;43m8[0;35;5;41;101mS[0;1;31;91;43m8[0;35;5;41;101mS[0;37;43m8[0;31;5;41;101m.[0;33;5;41;101mX[0;1;31;91;45m8[0;33;5;41;101mt[0;31;5;41;101mt[0;1;30;90;43m8[0;35;5;41;101m.[0;33;47m8[0;31;5;41;101m;[0;33;5;41;101mS[0;31;5;41;101m8[0;35;5;40;100m [0;37;5;47;107m   .  . [0;1;37;97;47m8[0;1;30;90;47m8[0;37;5;47;107m :X:::::::::::::::::::::[0m
[0;37;5;47;107m:::::::::::::::::::::::%t [0;1;37;97;47m:[0;1;30;90;47m:[0;37;5;47;107m . .      .  [0;33;5;40;100m;[0;31;5;41;101mX[0;1;31;91;43m8[0;33;5;41;101m;[0;1;31;91;47m8[0;31;5;41;101m%t[0;33;5;41;101m@[0;35;5;41;101mS[0;37;43m8[0;31;5;41;101m.[0;33;5;41;101mS[0;35;5;41;101mt[0;1;31;91;43m8[0;35;5;41;101m%[0;37;43m@[0;31;5;41;101m:[0;33;5;41;101m%[0;35;5;41;101m;[0;33;5;41;101mS[0;31;5;41;101mt[0;1;30;90;43m8[0;35;5;41;101m:[0;33;5;41;101mS[0;35;5;40;100m%[0;37;5;47;107mS.   .  :[0;37;5;40;100m@[0;37;5;47;107m: S;::::::::::::::::::::[0m
[0;37;5;47;107m::::::::::::::::::::::.%% 8[0;1;30;90;47m8[0;37;5;47;107m..   . .   ..[0;37;5;40;100m@[0;1;31;91;41m8[0;33;5;41;101m%XX@[0;1;30;90;45m8[0;33;5;41;101m.S[0;35;5;41;101mt[0;1;30;90;43m8[0;35;5;41;101m.[0;33;5;41;101mX[0;37;45m8[0;31;5;41;101m [0;33;5;41;101mt[0;1;30;90;43m8[0;35;5;41;101m.[0;33;47m8[0;31;5;41;101m;[0;35;5;41;101m%[0;33;5;41;101m;[0;1;30;90;47m8[0;31;5;41;101m [0;1;31;91;41mX[0;1;30;90;47m%[0;37;5;47;107m . .  . [0;1;30;90;47mS[0;1;37;97;47mS[0;37;5;47;107m tS.:::::::::::::::::::[0m
[0;37;5;47;107m:::::::::::::::::::::::;S.:[0;37;5;40;100m@[0;37;5;47;107m.  .     . . [0;1;30;90;47mS[0;33;41mX[0;35;5;41;101mt[0;1;30;90;47m8[0;31;5;41;101m:[0;33;5;41;101m%;[0;37;43m8[0;31;5;41;101m;[0;33;5;41;101m%[0;35;5;41;101m;[0;33;47m8[0;31;5;41;101m.[0;33;5;41;101mt[0;1;31;91;43m8[0;35;5;41;101m;;[0;33;5;41;101mS[0;35;5;41;101m%[0;1;31;91;43m8[0;37;5;41;101m8[0;31;5;41;101m%t[0;1;31;91;43m8[0;31;5;41;101m@[0;37;5;40;100mX[0;37;5;47;107m .   .. [0;1;37;97;47m%[0;1;30;90;47mS[0;37;5;47;107m :S::::::::::::::::::::[0m
[0;37;5;47;107m::::::::::::::::::::::::S. [0;37;5;40;100m8[0;37;5;47;107mS .   .    . [0;1;37;97;47m.[0;1;30;90;41m@[0;31;5;41;101m t[0;1;31;91;43m8[0;35;5;41;101mS[0;33;5;41;101mS[0;35;5;41;101mt[0;1;30;90;43m8[0;35;5;41;101m.[0;33;5;41;101mS[0;31;5;41;101mt[0;1;31;91;43m8[0;35;5;41;101m%[0;33;5;41;101mX[0;33;47m8[0;31;5;41;101m;[0;1;31;91;43m8[0;35;5;41;101m%[0;33;5;41;101mS@[0;1;31;91;43m8[0;35;5;41;101m%[0;33;5;41;101mS@[0;35;5;40;100mS[0;37;5;47;107m; .. . t[0;1;37;97;47mX[0;37;5;40;100mX[0;37;5;47;107m..S::::::::::::::::::::[0m
[0;37;5;47;107m::::::::::::::::::::::::S; [0;1;30;90;47m%[0;1;37;97;47m%[0;37;5;47;107m .     . .. [0;1;37;97;47m8[0;1;30;90;41mX[0;33;5;41;101m%[0;1;31;91;43m8[0;35;5;41;101mt[0;33;47m8[0;31;5;41;101m;[0;33;5;41;101m%[0;35;5;41;101m;[0;33;47m8[0;31;5;41;101m;[0;35;5;41;101m@[0;1;31;91;43m8[0;35;5;41;101m%[0;33;5;41;101mS[0;31;5;41;101m%[0;35;5;41;101mX[0;37;43m8[0;31;5;41;101m:[0;35;47m8[0;31;5;41;101m.[0;33;5;41;101mS[0;1;30;90;47m8[0;31;5;41;101m;@[0;1;30;90;41m@[0;1;30;90;47m%[0;1;37;97;47m%:[0;1;30;90;47m .[0;1;37;97;47m :%X[0;37;5;47;107mS :S::::::::::::::::::::[0m
[0;37;5;47;107m:::::::::::::::::::::::.S;.[0;1;37;97;47m:[0;1;30;90;47m;[0;37;5;47;107m . . .    . S[0;1;30;90;41m8[0;33;5;41;101m%[0;35;5;41;101mX[0;33;5;41;101mS[0;31;5;41;101m%[0;1;30;90;43m8[0;35;5;41;101m.[0;33;5;41;101mS[0;35;5;41;101m%[0;1;31;91;43m8[0;33;5;41;101m%[0;35;47m8[0;33;5;41;101m;[0;1;31;91;43m8[0;37;5;41;101m8[0;33;5;41;101m:[0;31;5;41;101m;[0;33;5;41;101mX[0;31;5;41;101m8[0;1;30;90;41m88[0;33;41mX[0;35;5;40;100m [0;1;30;90;47m%.[0;1;37;97;47mt[0;37;5;47;107m%     .:t%S;::::::::::::::::::::[0m
[0;37;5;47;107m:::::::::::::::::::::::.%% [0;1;37;97;47m@[0;1;30;90;47mX[0;37;5;47;107m..      .   ;[0;31;5;40;100mX[0;33;5;41;101mS[0;1;31;91;43m8[0;35;5;41;101mS[0;33;5;41;101mt[0;37;5;41;101m8[0;33;5;41;101m%[0;35;5;41;101mX[0;1;31;91;43m8[0;35;5;41;101m@[0;1;31;91;43m8[0;31;5;41;101m8[0;33;5;40;100m;[0;1;30;90;45m8[0;1;30;90;43m8[0;1;30;90;47m%;[0;1;37;97;47m:S[0;37;5;47;107m8X   :::tt%%%ttt;::::::::::::::::::::::[0m
[0;37;5;47;107m::::::::::::::::::::::::t% @[0;37;5;40;100m8[0;37;5;47;107m . ... . ...:[0;33;5;40;100m [0;1;31;91;41m@[0;35;5;40;100m:[0;1;30;90;43m8[0;1;30;90;45m8[0;1;30;90;47m8X[0;1;37;97;47m.%8[0;37;5;47;107m@:   .;;t%%tt%;t;:::.:::::::::::::::::::::::::::[0m
[0;37;5;47;107m:::::::::::::::::::::::.;S ;[0;37;5;40;100m8[0;37;5;47;107m..     %[0;1;37;97;47mX[0;1;30;90;47m:8[0;37;5;40;100m@8[0;1;30;90;47m:[0;1;37;97;47m8[0;37;5;47;107mt     ..tt%SXS%t;:.:.:::::::::::::::::::::::::::::::::::[0m
[0;37;5;47;107m::::::::::::::::::::::::;S. [0;37;5;40;100m8[0;1;37;97;47m:S: [0;1;30;90;47m. [0;1;37;97;47m.tX[0;37;5;47;107m8S: .::;;%%%%t;;;:::.:::::::::::::::::::::::::::::::::::::::::[0m
[0;37;5;47;107m::::::::::::::::::::::::.S; %8t ..:;;%%%%ttt;;::.:::::::::::::::::::::::::::::::::::::::::::::::::::[0m
[0;37;5;47;107m::::::::::::::::::::::::::SS%%%SXS%t;:..::::::::::::::::::::::::::::::::::::::::::::::::::::::::::::[0m
[0;37;5;47;107m:::::::::::::::::::::::::::;;;;:::::::::::::::::::::::::::::::::::::::::::::::::::::::::::::::::::::[0m
[0;37;5;47;107m::::::::::::::::::::::::::::::::::::::::::::::::::::::::::::::::::::::::::::::::::::::::::::::::::::[0m
[0;37;5;47;107m::::::::::::::::::::::::::::::::::::::::::::::::::::::::::::::::::::::::::::::::::::::::::::::::::::[0m
[0;37;5;47;107m::::::::::::::::::::::::::::::::::::::::::::::::::::::::::::::::::::::::::::::::::::::::::::::::::::[0m
[0;37;5;47;107m::::::::::::::::::::::::::::::::::::::::::::::::::::::::::::::::::::::::::::::::::::::::::::::::::::[0m


#     #                                                           
#  #  # ###### #       ####   ####  #    # ######    #####  ####  
#  #  # #      #      #    # #    # ##  ## #           #   #    # 
#  #  # #####  #      #      #    # # ## # #####       #   #    # 
#  #  # #      #      #      #    # #    # #           #   #    # 
#  #  # #      #      #    # #    # #    # #           #   #    # 
 ## ##  ###### ######  ####   ####  #    # ######      #    ####  
                                                                  
        #####                                ###                        
#    # #     #  ####  #    # #####  #####   #   #  #    # #    #  ####  
#    # # ### # #      #    # #    # #    # #     # #    # ##   # #      
###### # ### #  ####  ###### #####  #    # #     # #    # # #  #  ####  
#    # # ####       # #    # #    # #####  #     # # ## # #  # #      # 
#    # #       #    # #    # #    # #   #   #   #  ##  ## #   ## #    # 
#    #  #####   ####  #    # #####  #    #   ###   #    # #    #  ####  
                                                                        
